1.056623
0.306771
0.507312
0.236249
0.155078
0.283972
0.367363
0.492990
0.383161
0.189511
0.242549
0.358795
0.190503
0.380303
0.531387
0.211135
0.761481
0.225832
0.138361
0.303297
0.210532
0.839388
0.619678
0.239438
0.287524
0.275423
2.288914
1.089949
0.496584
0.598696
0.355276
0.162412
0.349363
0.361712
0.271965
0.328020
0.144747
0.322433
0.544031
1.289246
0.471836
0.195471
0.268755
0.344579
0.729714
0.387470
0.144333
0.315595
0.634016
0.381092
0.274417
0.229251
0.320973
0.467993
1.023062
0.223534
0.154525
0.393772
0.547016
0.470603
0.223114
0.373723
1.036735
0.992671
0.509487
0.184727
0.278557
0.341023
0.770810
0.455184
0.246326
0.320353
0.267448
0.321200
0.304706
0.152225
0.354945
0.675638
0.270481
0.208722
0.335624
0.704498
2.052197
0.445252
0.253582
1.036463
0.320935
0.242261
0.429858
1.002636
0.555940
0.432794
0.200044
0.353019
0.845458
0.643836
0.526148
0.208376
0.421407
0.577558
0.746888
0.565152
0.137119
0.372194
0.541330
0.864675
