1.678810
0.498269
0.328392
0.560958
0.796741
1.512128
0.557616
0.261474
0.582036
1.394445
0.845633
0.574430
0.182861
0.227383
0.197063
0.145303
0.719583
1.417658
1.196921
0.350248
0.168584
0.379301
1.471138
1.159588
0.713251
0.115717
0.655879
0.809873
0.307126
0.469899
0.171016
0.514358
1.444034
1.472930
0.904573
0.152002
0.499933
0.648378
0.765922
0.482280
0.147816
0.454542
1.095543
0.128313
0.279199
0.050827
0.517415
1.285622
0.358140
0.265254
0.049732
0.420333
0.775018
0.575136
0.354002
0.181248
0.410314
0.361124
0.279742
1.569333
0.719662
0.445178
0.432775
1.302140
0.761182
0.257828
0.494297
0.463386
1.189134
2.919653
1.097811
0.196977
0.967522
