0.426315
0.147155
0.189448
0.103395
0.035066
0.342446
0.228539
0.192221
0.045345
0.022576
0.188983
0.091697
0.189379
0.312246
0.174412
0.081915
0.411752
0.095742
0.203626
1.173890
0.114383
0.065069
0.228876
0.087544
0.101203
0.474101
0.113629
0.122781
0.364737
0.860627
0.183768
0.144318
0.626975
0.288705
0.159469
0.648060
0.096432
0.078555
0.406251
0.103223
0.104228
0.504023
0.111777
0.042365
0.331578
0.147559
0.111205
0.472080
0.661933
0.197862
0.287808
0.978235
0.228539
0.102565
0.342522
0.165858
0.071862
0.545572
0.099312
0.034084
0.594359
0.575750
0.231011
0.495894
0.392336
0.169015
0.124695
0.975323
0.244493
0.092000
0.340009
0.545596
0.287215
0.122259
0.169433
0.203612
0.169411
0.255066
0.330457
0.304910
0.036129
0.245266
0.139856
0.094812
0.702676
0.340702
0.109065
0.270422
0.533148
0.138916
0.309615
0.761790
0.222755
0.054879
0.651123
0.207663
0.100051
0.206986
0.113010
0.030750
0.702780
0.120837
0.046640
0.294387
0.146974
0.055085
0.254786
0.120207
0.086076
0.364303
0.120143
0.134987
0.309727
0.488291
0.095431
0.311543
0.433475
0.180953
0.032614
0.184710
0.108150
0.029100
0.224568
0.256315
0.150028
0.144704
0.368325
0.186470
0.131367
0.591449
0.207639
0.138718
0.253287
0.233520
0.190420
0.327844
0.320173
0.032886
0.189433
0.411774
0.239989
0.072117
0.434583
0.348968
0.073323
0.236139
